-3.6294374465942383
-1.4761964082717896
-0.8033420443534851
-4.457735538482666
-5.298753261566162
-1.4855421781539917
-2.6292941570281982
-3.4436123371124268
-1.4939342737197876
-2.8229787349700928
-3.055628776550293
-0.11629903316497803
-5.531342506408691
-0.18572218716144562
-1.7902743816375732
-0.11356035619974136
-4.46165657043457
2.0452687740325928
-4.262840270996094
-2.4951539039611816
-5.260749340057373
-0.6226362586021423
-2.9755709171295166
-3.269566297531128
-3.197089910507202
-3.3833510875701904
-1.8638925552368164
-5.423305988311768
-2.7395100593566895
-4.262024879455566
-1.359161376953125
-5.201633930206299
0.2874433994293213
-3.2573018074035645
-2.8775110244750977
-3.2356975078582764
-1.2716456651687622
-3.4403209686279297
0.8262553215026855
-5.398303508758545
-2.270354747772217
-0.9527565836906433
-3.742178440093994
-3.973451614379883
-4.9460320472717285
-4.092115879058838
-4.796437740325928
-3.8273189067840576
-5.3424296379089355
-3.201174020767212
1.4797030687332153
-5.657478332519531
-1.9949928522109985
-1.553855538368225
-5.253960609436035
-3.146547794342041
-1.2437152862548828
-3.2126433849334717
-4.916488170623779
-5.636589527130127
-4.757438659667969
-0.5045620203018188
