7.79406475995
3.54230060509
7.29800926521
7.09884102158
5.91740275907
4.25180931865
7.44816935529
6.16238029964
2.88545687284
2.90013949243
6.25644611853
6.99602330667
2.98769265489
6.86594269043
7.55523196617
4.45038738237
6.67467067804
6.67467067804
4.26804520048
4.94531595482
5.54673856388
5.35737596687
7.47808158049
5.07436816728
4.83826712128
3.85216420376
5.89210658648
5.39851711789
6.15317288158
-0.666009152781
2.85218816451
3.22425369268
4.84621985424
8.346961081
5.19844709954
3.08464715585
5.14967486594
9.62747441398
6.50030908537
5.39235135536
3.11770100553
7.0412406393
2.17876750339
5.19820386181
2.2935316515
1.52715766802
5.8031934
5.28197900411
3.55967838917
7.07891104958
6.94748889697
7.29597006803
3.0695832361
2.7334410029
7.25273826064
0.707042189557
7.77516581522
3.58967229067
7.41745713453
1.77033269867
5.13960785591
5.27157460697
3.01045871428
7.1382888648
