-3.6294374465942383
-1.4761964082717896
-5.247903347015381
1.7646676301956177
-3.2584068775177
-3.203965425491333
-1.8305373191833496
-3.2032830715179443
-3.60705304145813
-3.023507833480835
0.9237424731254578
-3.6924750804901123
-1.0784294605255127
-3.08286714553833
-2.8601505756378174
-2.2889935970306396
-4.110997676849365
2.676884412765503
-4.184270858764648
-3.5088412761688232
-1.089231014251709
-5.250766277313232
-2.6346027851104736
-2.693101167678833
-3.197089910507202
-3.3833510875701904
-5.223102569580078
-4.88226842880249
-7.116837978363037
-7.25221061706543
-2.9530446529388428
-2.9406399726867676
-0.9745667576789856
-2.2066848278045654
0.2874433994293213
-3.2573018074035645
-0.5778295993804932
-3.0874247550964355
-1.2716456651687622
-3.4403209686279297
-1.3406057357788086
2.850680351257324
-0.017500612884759903
-1.169661283493042
-3.9233505725860596
-2.298269510269165
-0.8163642287254333
-3.7975900173187256
-1.2765355110168457
-3.8273189067840576
-3.630075454711914
-3.2634329795837402
1.4797030687332153
-5.657478332519531
-3.245426654815674
-1.1767059564590454
0.2795654237270355
-5.199496269226074
-1.2437152862548828
-3.2126433849334717
-4.916488170623779
-5.636589527130127
-3.1938438415527344
-1.3675705194473267
