4.1465012986
6.45120398573
7.29800926521
7.09884102158
8.42842144942
4.20525272629
8.58336255972
4.45794248464
4.13110615691
3.58708036775
4.77413183636
8.09133159661
5.76482498019
4.07782292418
7.55523558237
4.45038738237
7.81109734609
4.65602097506
7.08644237451
5.18179557822
7.97047075823
4.47438495343
5.07436816728
7.47808158049
0.764601339669
7.36520551142
5.57350326854
1.76504644907
6.58194629861
9.96574291255
6.47037497234
4.13618520194
3.2305957516
2.42724521084
7.91062875177
7.39999274082
5.6555587965
7.12876511291
5.1251667257
6.15837848131
4.27048528039
5.8026466292
5.59048605626
0.3268768635
6.374782097
3.91079870848
7.13103354369
7.21947738665
7.20334394719
8.6369010724
3.42169418886
7.10075990429
6.74681498357
-0.296425079431
5.45784117667
8.73537510349
5.55321160664
4.23007668518
7.73757317928
8.08658975006
5.36400619976
4.58998789766
